1 6 0 0 0 0
2 1 0 0 0 0
3 2 1 1 0 0
4 2 1 1 0 1
5 1 2 1 1 1
6 2 1 1 3 1
7 2 1 1 1 1
8 3 1 2 1 1
9 4 1 1 1 1
10 4 1 1 1 2
20 5 3 4 3 4
30 6 5 5 5 7
40 26 7 7 16 9
50 10 8 9 10 11
60 24 9 11 14 8
70 8 6 5 11 17
80 7 5 5 5 5
90 5 4 6 5 4
100 9 5 4 5 5
200 15 11 14 11 11
300 19 18 22 20 16
400 32 24 24 25 24
500 36 30 32 32 32
600 39 39 39 41 38
700 56 45 47 54 45
800 54 52 56 53 53
900 59 65 60 60 59
1000 74 66 69 68 65
2000 236 151 152 145 147
3000 248 228 241 227 236
4000 330 319 314 319 330
5000 409 405 425 417 426
6000 534 522 532 528 515
7000 612 635 630 635 775
8000 732 738 721 719 713
9000 873 810 820 1133 846
10000 944 947 939 925 928
20000 2032 1961 2004 2292 1985
30000 3139 3271 3041 3179 3170
40000 4353 4062 4262 4467 4160
50000 5507 5385 5537 5511 5368
60000 6936 6356 6611 6853 6715
70000 8134 7626 7756 8000 7690
80000 9049 8578 8981 8863 9107
90000 10525 10987 10179 10365 10420
100000 12256 11236 12114 11439 11957
200000 24962 24272 25118 25351 24126
300000 37626 35875 38319 36726 36483
400000 50405 51471 51932 51043 51421
500000 65641 62501 66799 64091 63536
600000 77283 78789 74664 75621 78566
700000 92867 90923 88539 88985 89563
800000 103040 103805 110248 110365 110521
900000 123569 119997 121134 119006 119384
1000000 137970 129963 138930 135941 130463
